MAE  : 1.830401425081739
RMSE : 2.2891963731106957
R2   : 0.9859190848526499
